36933632
289406976
289406976
9634934272
10362028032
10362028032
36933632
289406976
289406976
9642504704
10364125184
10364125184
36933632
289406976
289406976
9642504704
10364125184
10364125184
36933632
289406976
289406976
9642504704
10364125184
10364125184
36933632
289406976
289406976
9643087872
10364125184
10364125184
33785856
325058560
325058560
9643087872
10364125184
10364125184
33785856
304087040
304087040
9643087872
10364125184
10364125184
33785856
304087040
304087040
9643087872
10364125184
10364125184
33785856
304087040
304087040
9643087872
10364125184
10364125184
43494400
304087040
304087040
9643087872
10364125184
10364125184
33790976
291504128
291504128
9643087872
10364125184
10364125184
33790976
291504128
291504128
9643087872
10364125184
10364125184
33790976
291504128
291504128
9643087872
10364125184
10364125184
33790976
291504128
291504128
9643087872
10364125184
10364125184
33790976
291504128
291504128
9643087872
10364125184
10364125184
34140160
341835776
341835776
9643087872
10364125184
10364125184
34140160
327155712
327155712
9643087872
10364125184
10364125184
34140160
327155712
327155712
9643087872
10364125184
10364125184
34140160
327155712
327155712
9643087872
10364125184
10364125184
34140160
327155712
327155712
9643087872
10364125184
10364125184
33714176
333447168
333447168
9643087872
10364125184
10364125184
33714176
301989888
301989888
9643087872
10364125184
10364125184
33714176
301989888
301989888
9643087872
10364125184
10364125184
33714176
301989888
301989888
9643087872
10364125184
10364125184
44424192
301989888
301989888
9643087872
10364125184
10364125184
35993600
352321536
352321536
9643087872
10364125184
10364125184
35993600
352321536
352321536
9643087872
10364125184
10364125184
35993600
352321536
352321536
9643087872
10364125184
10364125184
35993600
352321536
352321536
9643087872
10364125184
10364125184
35993600
352321536
352321536
9643087872
10364125184
10364125184
38758400
354418688
354418688
10339783680
11070865408
11070865408
38758400
312475648
312475648
10340583936
11070865408
11070865408
38758400
312475648
312475648
10340583936
11070865408
11070865408
38758400
312475648
312475648
10340583936
11070865408
11070865408
48466944
312475648
312475648
10340583936
11070865408
11070865408
32695296
356515840
356515840
10340583936
11070865408
11070865408
32695296
276824064
276824064
10340583936
11070865408
11070865408
32695296
276824064
276824064
10340583936
11070865408
11070865408
32695296
276824064
276824064
10340583936
11070865408
11070865408
42403840
276824064
276824064
10340583936
11070865408
11070865408
31963136
251658240
251658240
10340583936
11070865408
11070865408
31963136
251658240
251658240
10340583936
11070865408
11070865408
31963136
251658240
251658240
10340583936
11070865408
11070865408
31963136
251658240
251658240
10340583936
11070865408
11070865408
42406400
251658240
251658240
10340583936
11070865408
11070865408
34436608
222298112
222298112
10340583936
11070865408
11070865408
34436608
222298112
222298112
10340583936
11070865408
11070865408
34436608
222298112
222298112
10340583936
11070865408
11070865408
34436608
222298112
222298112
10340583936
11070865408
11070865408
44145152
222298112
222298112
10340583936
11070865408
11070865408
34813952
243269632
243269632
7209088512
7549747200
7549747200
34813952
243269632
243269632
7216317440
7549747200
7549747200
34813952
243269632
243269632
7216317440
7562330112
7562330112
34813952
243269632
243269632
7216317440
7562330112
7562330112
34813952
243269632
243269632
7216317440
7562330112
7562330112
34813952
335544320
335544320
7216950784
7650410496
7650410496
34813952
306184192
306184192
7216950784
7650410496
7650410496
34813952
306184192
306184192
7223639552
7650410496
7650410496
34813952
306184192
306184192
7223639552
7650410496
7650410496
44522496
306184192
306184192
7223639552
7650410496
7650410496
33985536
278921216
278921216
7223639552
7650410496
7650410496
33985536
278921216
278921216
7223639552
7650410496
7650410496
33985536
278921216
278921216
7223639552
7650410496
7650410496
33985536
278921216
278921216
7223639552
7650410496
7650410496
43694080
278921216
278921216
7223639552
7650410496
7650410496
37068800
230686720
230686720
8628457984
9143582720
9143582720
37068800
230686720
230686720
8628457984
9143582720
9143582720
37068800
230686720
230686720
8636446720
9143582720
9143582720
37068800
230686720
230686720
8636446720
9143582720
9143582720
47512064
230686720
230686720
8636446720
9143582720
9143582720
36935168
251658240
251658240
8636446720
9185525760
9185525760
36935168
251658240
251658240
8636446720
9185525760
9185525760
36935168
251658240
251658240
8636446720
9185525760
9185525760
36935168
251658240
251658240
8636446720
9185525760
9185525760
46643712
251658240
251658240
8636446720
9185525760
9185525760
36224512
299892736
299892736
8636446720
9185525760
9185525760
36224512
299892736
299892736
8636446720
9185525760
9185525760
36224512
299892736
299892736
8636446720
9185525760
9185525760
36224512
299892736
299892736
8636446720
9185525760
9185525760
45933056
299892736
299892736
8636446720
9185525760
9185525760
39913984
354418688
354418688
10085456384
10972299264
10972299264
39913984
354418688
354418688
10085456384
10972299264
10972299264
39913984
354418688
354418688
10085456384
10972299264
10972299264
39913984
354418688
354418688
10085456384
10972299264
10972299264
49622528
354418688
354418688
10085456384
10972299264
10972299264
34212352
289406976
289406976
10085456384
10972299264
10972299264
34212352
289406976
289406976
10085456384
10972299264
10972299264
34212352
289406976
289406976
10085456384
10972299264
10972299264
34212352
289406976
289406976
10085456384
10972299264
10972299264
34212352
289406976
289406976
10085456384
10972299264
10972299264
33474560
283115520
283115520
10085456384
10972299264
10972299264
33474560
257949696
257949696
10085456384
10972299264
10972299264
33474560
257949696
257949696
10085456384
10972299264
10972299264
33474560
257949696
257949696
10085456384
10972299264
10972299264
44184576
257949696
257949696
10085456384
10972299264
10972299264
39827456
287309824
287309824
10085456384
10972299264
10972299264
39827456
287309824
287309824
10085456384
10972299264
10972299264
39827456
287309824
287309824
10085456384
10972299264
10972299264
39827456
287309824
287309824
10085456384
10972299264
10972299264
49536000
287309824
287309824
10085456384
10972299264
10972299264